(module StrainGauge-solder-pad (layer F.Cu) (tedit 654EE7F9)
  (fp_text reference REF** (at 0 10) (layer F.SilkS) hide
    (effects (font (size 1 1) (thickness 0.15)))
  )
  (fp_text value StrainGauge-solder-pad (at 0 -10) (layer F.Fab) hide
    (effects (font (size 1 1) (thickness 0.15)))
  )
  (fp_line (start -4.5 -6) (end -4.5 6) (layer F.SilkS) (width 0.12))
  (fp_line (start -2 -8.5) (end 4.5 -8.5) (layer F.SilkS) (width 0.12))
  (fp_line (start 4.5 -8.5) (end 4.5 8.5) (layer F.SilkS) (width 0.12))
  (fp_line (start 4.5 8.5) (end -2 8.5) (layer F.SilkS) (width 0.12))
  (fp_text user Shield (at 0 2) (layer F.SilkS)
    (effects (font (size 1 1) (thickness 0.15)))
  )
  (fp_text user [+] (at -2 -7) (layer F.SilkS)
    (effects (font (size 1 1) (thickness 0.15)))
  )
  (fp_text user [-] (at 2 -7) (layer F.SilkS)
    (effects (font (size 1 1) (thickness 0.15)))
  )
  (fp_arc (start -2 -6) (end -2 -8.5) (angle -90) (layer F.SilkS) (width 0.12))
  (fp_arc (start -2 6) (end -4.5 6) (angle -90) (layer F.SilkS) (width 0.12))
  (fp_arc (start -2 -6) (end -2 -8.5) (angle -90) (layer B.SilkS) (width 0.12))
  (fp_arc (start -2 6) (end -4.5 6) (angle -90) (layer B.SilkS) (width 0.12))
  (fp_line (start -2 8.5) (end 4.5 8.5) (layer B.SilkS) (width 0.12))
  (fp_line (start 4.5 8.5) (end 4.5 -8.5) (layer B.SilkS) (width 0.12))
  (fp_line (start 4.5 -8.5) (end -2 -8.5) (layer B.SilkS) (width 0.12))
  (fp_line (start -4.5 -6) (end -4.5 6) (layer B.SilkS) (width 0.12))
  (fp_text user Shield (at 0 2) (layer B.SilkS)
    (effects (font (size 1 1) (thickness 0.15)) (justify mirror))
  )
  (fp_text user [+] (at -2 -7) (layer B.SilkS)
    (effects (font (size 1 1) (thickness 0.15)))
  )
  (fp_text user [-] (at 2 -7) (layer B.SilkS)
    (effects (font (size 1 1) (thickness 0.15)))
  )
  (pad 1 thru_hole circle (at 0 0) (size 1.524 1.524) (drill 0.762) (layers *.Cu *.Mask))
  (pad 2 thru_hole circle (at -2 -5) (size 1.524 1.524) (drill 0.762) (layers *.Cu *.Mask))
  (pad 3 thru_hole circle (at 2 -5) (size 1.524 1.524) (drill 0.762) (layers *.Cu *.Mask))
)
